#P AM1(Input,print) CIS(Singlets,NStates=15) pop(full) force

AM1-Reparam Input

0   1
6        0.955475   -0.715963    0.000000
6       -0.345627   -1.092818    0.000000
8       -1.157305    0.000000    0.000000
6       -0.345627    1.092818    0.000000
6        0.955475    0.715963    0.000000
1        1.810438    1.369382    0.000000
1       -0.840307    2.046884    0.000000
1       -0.840307   -2.046884    0.000000
1        1.810438   -1.369382    0.000000

Method=8 CoreType=1 PeptideFC=0.0114505045 RIJScale=0.5291772086
****
H        
PQN=1 NValence=1 F0ss=0.5138736446 ZetaOverlap=1.0826737000 U=-0.4395468110 
Beta=-0.2118762033 CoreKO=0.9730018200 KON=0,0,0,0.9730018200 KON=1,0,1,1.0589197790 
KON=0,1,1,0.9730018200 KON=2,1,1,1.0589197790 EISol=-0.4395468110 EHeat=0.0830298228 
Alpha=1.623706039 
GCore=0.0071452321,1.6526506619,2.2204505049 
GCore=0.0044844511,1.7971829010,3.6631297957 
GCore=-0.0024774154,0.7854047496,3.0926358381 
****
C
PQN=2,2 NValence=4 F0ss=0.4796935160 F0sp=0.4165460293 F0pp=0.3723813969 F2pp=0.1879094681 
G1sp=0.1711215396 
ZetaOverlap=1.8501880000,1.7683009000 
U=-1.9008794468,-1.4481913012 
Beta=-0.5681197391,-0.3026706191 DDN=0,1,0.7967571300 DDN=1,1,0.6926111205 
CoreKO=1.0423321900 KON=0,0,0,1.0423321900 KON=1,0,1,0.9808908700 KON=0,1,1,1.0423321900 
KON=2,1,1,0.7558858400 EISol=-4.3315453857 EHeat=0.2723305520 Alpha=1.477897228 
DipHyp=1.5934225837 
GCore=0.0051822600,1.6071441515,1.9728170130 
GCore=0.0008174160,1.9389223038,3.1399608166 
GCore=0.0025838555,1.7534236006,3.0832529699 
GCore=-0.0001879630,2.5202671079,5.2828786928
****
O        
PQN=2,2 NValence=6 F0ss=0.5145797792 F0sp=0.5496321127 F0pp=0.4844989583 F2pp=0.2207863333 
G1sp=0.4335139609 
ZetaOverlap=3.1793691000,2.5536191000 
U=-3.5628280133,-2.8624391247 
Beta=-1.0970045571,-1.0712800661 DDN=0,1,0.4886700600 DDN=1,1,0.4796114166 
CoreKO=0.9716666100 KON=0,0,0,0.9716666100 KON=1,0,1,0.4967410600 KON=0,1,1,0.9716666100 
KON=2,1,1,0.5584555600 EISol=-11.4672725099 EHeat=0.0949133088 Alpha=2.207710126 
DipHyp=0.9772838928 
GCore=0.0160375838,1.4612692876,1.7076238079 
GCore=0.0040694547,2.0804240743,2.8677465230
****

