#P AM1(Input,print) Opt Freq

AM1-Reparam Input

0   1
6        1.001195    -0.694649     0.024070
6       -0.297260    -1.047379    -0.046024
8       -1.178052    -0.024569     0.036178
6       -0.346465     1.127385    -0.038989
6        0.915548     0.684926     0.002880
1        1.808199     1.362236     0.014591
1       -0.883583     2.033778    -0.039357
1       -0.876491    -2.022931     0.027010
1        1.810669    -1.359010    -0.019241

Method=8 CoreType=1 PeptideFC=0.011233 RIJScale=0.529177
****
H
PQN=1 NValence=1 F0ss=0.523760 ZetaOverlap=0.960179 U=-0.522391
Beta=-0.202926 CoreKO=1.064405 KON=0,0,0,0.973002 KON=1,0,1,0.983373
KON=0,1,1,1.062870 KON=2,1,1,1.079223 EISol=-0.4395468110 EHeat=0.0830298228
Alpha=1.821318
GCore=0.007524,1.993519,2.042632
GCore=0.004998,1.736317,3.865594
GCore=-0.002416,0.858561,2.950526
****
C
PQN=2,2 NValence=4 F0ss=0.454713 F0sp=0.402316 F0pp=0.336805 F2pp=0.189980
G1sp=0.179182
ZetaOverlap=1.850188,1.401088
U=-1.743709,-1.490346
Beta=-0.619081,-0.368469 DDN=0,1,0.826455 DDN=1,1,0.706081
CoreKO=0.947396 KON=0,0,0,1.042332 KON=1,0,1,0.991832 KON=0,1,1,0.919211
KON=2,1,1,0.744756 EISol=-4.3315453857 EHeat=0.2723305520 Alpha=1.525447
DipHyp=1.593423
GCore=0.005187,1.607144,1.972817
GCore=0.000853,1.817001,3.559450
GCore=0.002035,1.872192,3.627833
GCore=-0.000199,2.272051,4.744742
****
O
PQN=2,2 NValence=6 F0ss=0.559903 F0sp=0.545606 F0pp=0.456831 F2pp=0.254735
G1sp=0.390554
ZetaOverlap=3.179369,2.553619
U=-3.748795,-3.029082
Beta=-1.127562,-1.071280 DDN=0,1,0.523031 DDN=1,1,0.455702
CoreKO=1.045313 KON=0,0,0,0.909511 KON=1,0,1,0.496741 KON=0,1,1,0.884190
KON=2,1,1,0.588547 EISol=-11.4672725099 EHeat=0.0949133088 Alpha=2.327672
DipHyp=1.080051
GCore=0.016674,1.461269,1.706952
GCore=0.005333,2.155811,2.716952
****

