#P AM1(Input,print) Opt Freq

AM1-Reparam Input

0   1
6        0.959736    -0.763077     0.015905
6       -0.336749    -1.127436    -0.021905
8       -1.202464    -0.043350    -0.035953
6       -0.302169     1.080042    -0.000119
6        0.912714     0.721255     0.004391
1        1.763365     1.375512     0.021314
1       -0.857941     2.014418     0.040456
1       -0.872538    -2.050999     0.017153
1        1.774141    -1.417787     0.029012

Method=8 CoreType=1 PeptideFC=0.011645 RIJScale=0.515818
****
H
PQN=1 NValence=1 F0ss=0.443294 ZetaOverlap=1.388389 U=-0.392146
Beta=-0.243884 CoreKO=1.045880 KON=0,0,0,1.090804 KON=1,0,1,1.105943
KON=0,1,1,1.194358 KON=2,1,1,1.058920 EISol=-0.4188110042 EHeat=0.0830298228
Alpha=1.419263
GCore=0.008126,1.571936,2.540655
GCore=0.000322,1.570353,3.330122
GCore=-0.001296,0.630307,3.601139
****
C
PQN=2,2 NValence=4 F0ss=0.458585 F0sp=0.574022 F0pp=0.408461 F2pp=0.157692
G1sp=0.285876
ZetaOverlap=2.112426,1.355590
U=-2.122029,-1.702930
Beta=-0.701753,-0.360529 DDN=0,1,0.892886 DDN=1,1,0.775680
CoreKO=1.093960 KON=0,0,0,1.066498 KON=1,0,1,0.738754 KON=0,1,1,0.993405
KON=2,1,1,0.741175 EISol=-4.4398989268 EHeat=0.2723305520 Alpha=1.267240
DipHyp=1.384304
GCore=0.000863,1.628261,4.449226
GCore=0.003422,1.294151,3.140054
GCore=-0.001834,1.752237,3.667759
GCore=-0.000074,1.401953,5.869919
****
O
PQN=2,2 NValence=6 F0ss=0.512302 F0sp=0.605548 F0pp=0.454740 F2pp=0.277807
G1sp=0.436122
ZetaOverlap=3.123739,2.263634
U=-3.953606,-3.331194
Beta=-1.366454,-1.411825 DDN=0,1,0.542610 DDN=1,1,0.465447
CoreKO=0.940851 KON=0,0,0,0.717793 KON=1,0,1,0.558868 KON=0,1,1,0.962658
KON=2,1,1,0.447450 EISol=-11.6164441184 EHeat=0.0949133088 Alpha=2.433581
DipHyp=0.787080
GCore=0.019304,1.579179,1.598232
GCore=0.006161,2.039196,3.477498
****

