#P AM1(Input,print) opt

AM1-Reparam Input

0   1
6        0.955475   -0.715963    0.000000
6       -0.345627   -1.092818    0.000000
8       -1.157305    0.000000    0.000000
6       -0.345627    1.092818    0.000000
6        0.955475    0.715963    0.000000
1        1.810438    1.369382    0.000000
1       -0.840307    2.046884    0.000000
1       -0.840307   -2.046884    0.000000
1        1.810438   -1.369382    0.000000

Method=8 CoreType=1 PeptideFC=0.0114505045 RIJScale=0.5291772086
****
H
PQN=1 NValence=1 F0ss=0.49108024786115867 ZetaOverlap=1.171608492403845 U=-0.41583495383255753
Beta=-0.22180270150983172 CoreKO=1.0700961987473274 KON=0,0,0,1.058919779 KON=1,0,1,1.0235463972697383
KON=0,1,1,1.0530114283635055 KON=2,1,1,1.058396404305017 EISol=-0.4188110042 EHeat=0.0830298228
Alpha=1.5252601686
GCore=0.008672016250952748,1.4301527614124123,2.2676713595
GCore=0.00033724049533806385,1.427521805009715,3.4015070392
GCore=-0.0012891466793262698,0.5674994554969723,3.9684248791
****
C
PQN=2,2 NValence=4 F0ss=0.45441617784411065 F0sp=0.4376528444047086 F0pp=0.3672039096773268 F2pp=0.19697520961093437
G1sp=0.276384009237924
ZetaOverlap=1.799983339024567,1.6458107731506817
U=-1.9120180828,-1.4557965594
Beta=-0.5959868680315923,-0.2914914994559355 DDN=0,1,0.8601398383323973 DDN=1,1,0.7268015
CoreKO=1.0956204191662622 KON=0,0,0,1.073424834259343 KON=1,0,1,0.8059902852218226 KON=0,1,1,1.0594821711326978
KON=2,1,1,0.7783928119 EISol=-4.4398989268 EHeat=0.2723305520 Alpha=1.4288981777086018
DipHyp=1.6472524267
GCore=0.0007903914206852039,1.4534868301569457,2.901926839271807
GCore=0.0032506042575366715,1.4403750410625495,3.7047921174388794
GCore=-0.001384476848699512,1.4190794251720453,3.8830527879513497
GCore=-8.75022e-05,1.4121890676412385,4.611474915649748
****
O
PQN=2,2 NValence=6 F0ss=0.5558840537305417 F0sp=0.5321302318 F0pp=0.4958708974 F2pp=0.22418071994001926
G1sp=0.42579384332695513
ZetaOverlap=3.187339491298535,2.524039
U=-3.5951865036,-2.876089669
Beta=-1.0757546603,-1.1441833655029439 DDN=0,1,0.493539366557092 DDN=1,1,0.518272368456512
CoreKO=0.8830543963284703 KON=0,0,0,0.8822957477 KON=1,0,1,0.5019543089 KON=0,1,1,0.8657108495330603
KON=2,1,1,0.569812437896149 EISol=-11.6164441184 EHeat=0.0949133088 Alpha=2.39624900466465
DipHyp=0.9952008238438117
GCore=0.0195117322,1.4001425905,1.6023328031
GCore=0.005833764183907391,1.8606393420445184,2.7307884326
****
