#P AM1(Input,print) CIS(Singlets,NStates=15) pop(full) force

AM1-Reparam Input

0   1
6        0.951197    -0.719232     0.028147
6       -0.381139    -1.129248    -0.024124
8       -1.111905    -0.020725     0.026095
6       -0.344915     1.081151     0.023481
6        0.921535     0.758186     0.035971
1        1.807970     1.327512    -0.040335
1       -0.869302     2.014904    -0.018529
1       -0.823689    -2.053414    -0.020512
1        1.800998    -1.336511     0.043865

Method=8 CoreType=1 PeptideFC=0.015075 RIJScale=0.421219
****
H
PQN=1 NValence=1 F0ss=0.465712 ZetaOverlap=1.374154 U=-0.471047
Beta=-0.291924 CoreKO=1.380831 KON=0,0,0,0.987164 KON=1,0,1,1.116147
KON=0,1,1,0.784106 KON=2,1,1,1.329870 EISol=-0.4188110042 EHeat=0.0830298228
Alpha=1.940420
GCore=0.007581,1.582091,2.063686
GCore=0.000386,1.485404,2.897138
GCore=-0.001595,0.349341,2.648858
****
C
PQN=2,2 NValence=4 F0ss=0.312399 F0sp=0.411659 F0pp=0.373147 F2pp=0.145003
G1sp=0.263764
ZetaOverlap=2.268459,1.271191
U=-1.765519,-1.710617
Beta=-0.497878,-0.420963 DDN=0,1,0.781060 DDN=1,1,0.689622
CoreKO=1.100733 KON=0,0,0,1.275208 KON=1,0,1,0.821970 KON=0,1,1,0.986117
KON=2,1,1,0.781830 EISol=-4.4398989268 EHeat=0.2723305520 Alpha=1.142632
DipHyp=1.640260
GCore=0.000894,1.978732,2.573509
GCore=0.003471,1.079812,3.368405
GCore=-0.001374,1.837964,2.725008
GCore=-0.000084,1.540324,5.202913
****
O
PQN=2,2 NValence=6 F0ss=0.692883 F0sp=0.604240 F0pp=0.396144 F2pp=0.180193
G1sp=0.409099
ZetaOverlap=3.421324,2.397489
U=-6.315328,-2.525514
Beta=-0.929948,-1.070558 DDN=0,1,0.513019 DDN=1,1,0.435079
CoreKO=1.015847 KON=0,0,0,0.941005 KON=1,0,1,0.429907 KON=0,1,1,0.900283
KON=2,1,1,0.497989 EISol=-11.6164441184 EHeat=0.0949133088 Alpha=1.926056
DipHyp=1.071216
GCore=0.018589,1.385060,1.554456
GCore=0.006536,2.114473,2.342837
****

