#P AM1(Input,print) CIS(Singlets,NStates=15) pop(full) force

AM1-Reparam Input

0   1
6        0.988436    -0.719709     0.038159
6       -0.379087    -1.055616     0.032855
8       -1.146877     0.017168     0.038453
6       -0.381199     1.119586    -0.026155
6        0.958226     0.728928    -0.049790
1        1.772915     1.408143    -0.027850
1       -0.863781     2.065747     0.040639
1       -0.818496    -2.052182    -0.003475
1        1.845733    -1.322956     0.017853

Method=8 CoreType=1 PeptideFC=0.010625 RIJScale=0.540421
****
H
PQN=1 NValence=1 F0ss=0.472155 ZetaOverlap=1.085670 U=-0.418811
Beta=-0.226883 CoreKO=1.035442 KON=0,0,0,1.058920 KON=1,0,1,1.058920
KON=0,1,1,1.139695 KON=2,1,1,1.058920 EISol=-0.4188110042 EHeat=0.0830298228
Alpha=1.404664
GCore=0.008528,1.512775,2.267671
GCore=0.000353,1.436883,3.477994
GCore=-0.001301,0.560057,3.586132
****
C
PQN=2,2 NValence=4 F0ss=0.449444 F0sp=0.426142 F0pp=0.349759 F2pp=0.187890
G1sp=0.256894
ZetaOverlap=1.808665,1.378117
U=-1.674141,-1.455797
Beta=-0.545325,-0.333690 DDN=0,1,0.747402 DDN=1,1,0.785254
CoreKO=1.112428 KON=0,0,0,1.112428 KON=1,0,1,0.899821 KON=0,1,1,1.112428
KON=2,1,1,0.851640 EISol=-4.4398989268 EHeat=0.2723305520 Alpha=1.365347
DipHyp=1.647252
GCore=0.000789,1.400143,2.667836
GCore=0.002898,1.400143,3.204545
GCore=-0.001509,1.400143,3.873939
GCore=-0.000103,1.270078,4.608813
****
O
PQN=2,2 NValence=6 F0ss=0.566675 F0sp=0.532130 F0pp=0.495871 F2pp=0.235808
G1sp=0.447353
ZetaOverlap=2.733668,2.524039
U=-3.595187,-1.832360
Beta=-1.157340,-1.248189 DDN=0,1,0.495361 DDN=1,1,0.521107
CoreKO=0.851599 KON=0,0,0,0.882296 KON=1,0,1,0.468544 KON=0,1,1,0.867153
KON=2,1,1,0.551558 EISol=-11.6164441184 EHeat=0.0949133088 Alpha=2.403168
DipHyp=1.009936
GCore=0.020472,1.264029,1.602333
GCore=0.005153,1.960200,2.576167
****

