#P AM1(Input,print) CIS(Singlets,NStates=15) pop(full) force

AM1-Reparam Input

0   1
6        0.970555    -0.681579    -0.031361
6       -0.308035    -1.136746     0.016317
8       -1.155297     0.030588     0.002333
6       -0.388303     1.093600    -0.005405
6        0.910694     0.711780    -0.032200
1        1.841396     1.411490     0.045277
1       -0.856168     2.082999     0.016413
1       -0.792516    -2.084852    -0.027806
1        1.769276    -1.324372    -0.007634

Method=8 CoreType=1 PeptideFC=0.013595 RIJScale=0.421219
****
H
PQN=1 NValence=1 F0ss=0.465712 ZetaOverlap=1.459402 U=-0.442120
Beta=-0.254936 CoreKO=1.024041 KON=0,0,0,0.987164 KON=1,0,1,1.106663
KON=0,1,1,0.784106 KON=2,1,1,1.180996 EISol=-0.4188110042 EHeat=0.0830298228
Alpha=1.799139
GCore=0.006907,1.582091,2.324769
GCore=0.000386,1.485404,2.897138
GCore=-0.001595,0.349341,2.648858
****
C
PQN=2,2 NValence=4 F0ss=0.345481 F0sp=0.411659 F0pp=0.373147 F2pp=0.129001
G1sp=0.278597
ZetaOverlap=2.268459,1.271191
U=-1.765519,-1.609159
Beta=-0.492547,-0.420963 DDN=0,1,0.781060 DDN=1,1,0.773709
CoreKO=1.100733 KON=0,0,0,1.275208 KON=1,0,1,0.821970 KON=0,1,1,0.961924
KON=2,1,1,0.781830 EISol=-4.4398989268 EHeat=0.2723305520 Alpha=1.147993
DipHyp=1.657296
GCore=0.000894,1.944760,2.354830
GCore=0.003528,0.857114,2.900124
GCore=-0.001374,1.608695,2.725008
GCore=-0.000084,1.792751,5.679994
****
O
PQN=2,2 NValence=6 F0ss=0.692883 F0sp=0.579251 F0pp=0.387764 F2pp=0.165211
G1sp=0.409099
ZetaOverlap=3.416080,2.376837
U=-5.258088,-2.273465
Beta=-0.929948,-1.209369 DDN=0,1,0.513019 DDN=1,1,0.386433
CoreKO=0.892190 KON=0,0,0,0.941005 KON=1,0,1,0.429907 KON=0,1,1,0.854808
KON=2,1,1,0.497989 EISol=-11.6164441184 EHeat=0.0949133088 Alpha=1.869335
DipHyp=1.071216
GCore=0.018589,1.385060,1.554456
GCore=0.006536,2.114473,2.308857
****

