#P AM1(Input,print) CIS(Singlets,NStates=15) pop(full) force

AM1-Reparam Input

0   1
6        0.956964    -0.759088     0.025294
6       -0.322072    -1.079623     0.043319
8       -1.192880    -0.033001    -0.010488
6       -0.336686     1.096219    -0.002612
6        0.946202     0.674706    -0.026290
1        1.855969     1.349918    -0.009277
1       -0.800417     2.033663    -0.009819
1       -0.835706    -2.058670     0.048253
1        1.817870    -1.399457    -0.022759

Method=8 CoreType=1 PeptideFC=0.013595 RIJScale=0.421219
****
H
PQN=1 NValence=1 F0ss=0.465712 ZetaOverlap=1.459402 U=-0.442120
Beta=-0.254936 CoreKO=1.024041 KON=0,0,0,0.987164 KON=1,0,1,1.106663
KON=0,1,1,0.784106 KON=2,1,1,1.180996 EISol=-0.4188110042 EHeat=0.0830298228
Alpha=1.799139
GCore=0.006907,1.582091,2.324769
GCore=0.000386,1.485404,2.897138
GCore=-0.001595,0.349341,2.648858
****
C
PQN=2,2 NValence=4 F0ss=0.345481 F0sp=0.411659 F0pp=0.373147 F2pp=0.129001
G1sp=0.278597
ZetaOverlap=2.268459,1.271191
U=-1.765519,-1.609159
Beta=-0.492547,-0.420963 DDN=0,1,0.781060 DDN=1,1,0.773709
CoreKO=1.100733 KON=0,0,0,1.275208 KON=1,0,1,0.821970 KON=0,1,1,0.961924
KON=2,1,1,0.781830 EISol=-4.4398989268 EHeat=0.2723305520 Alpha=1.147993
DipHyp=1.657296
GCore=0.000894,1.944760,2.354830
GCore=0.003528,0.857114,2.900124
GCore=-0.001374,1.608695,2.725008
GCore=-0.000084,1.792751,5.679994
****
O
PQN=2,2 NValence=6 F0ss=0.692883 F0sp=0.579251 F0pp=0.387764 F2pp=0.165211
G1sp=0.409099
ZetaOverlap=3.416080,2.376837
U=-5.258088,-2.273465
Beta=-0.929948,-1.209369 DDN=0,1,0.513019 DDN=1,1,0.386433
CoreKO=0.892190 KON=0,0,0,0.941005 KON=1,0,1,0.429907 KON=0,1,1,0.854808
KON=2,1,1,0.497989 EISol=-11.6164441184 EHeat=0.0949133088 Alpha=1.869335
DipHyp=1.071216
GCore=0.018589,1.385060,1.554456
GCore=0.006536,2.114473,2.308857
****

