#P AM1(Input,print) Opt Freq

AM1-Reparam Input

0   1
6        0.962474    -0.703012     0.039828
6       -0.339614    -1.111181    -0.030097
8       -1.167576     0.033159    -0.030319
6       -0.334141     1.046211     0.021565
6        0.964401     0.672922    -0.018448
1        1.781155     1.353447    -0.020613
1       -0.877823     2.015049     0.033688
1       -0.833807    -2.060527     0.001297
1        1.813771    -1.359285    -0.004227

Method=8 CoreType=1 PeptideFC=0.012093 RIJScale=0.538884
****
H
PQN=1 NValence=1 F0ss=0.558630 ZetaOverlap=1.095075 U=-0.411951
Beta=-0.233819 CoreKO=1.100791 KON=0,0,0,0.976437 KON=1,0,1,1.136119
KON=0,1,1,1.013966 KON=2,1,1,1.263513 EISol=-0.4188110042 EHeat=0.0830298228
Alpha=1.407842
GCore=0.008014,1.222947,2.266369
GCore=0.000296,1.585377,2.738284
GCore=-0.001221,0.656106,3.951922
****
C
PQN=2,2 NValence=4 F0ss=0.480570 F0sp=0.481937 F0pp=0.343995 F2pp=0.196142
G1sp=0.267890
ZetaOverlap=1.836685,1.487573
U=-1.484267,-1.388606
Beta=-0.637678,-0.353667 DDN=0,1,0.909482 DDN=1,1,0.834667
CoreKO=1.104569 KON=0,0,0,1.018233 KON=1,0,1,0.734290 KON=0,1,1,1.194478
KON=2,1,1,0.705672 EISol=-4.4398989268 EHeat=0.2723305520 Alpha=1.402592
DipHyp=1.505410
GCore=0.000787,1.559029,2.899230
GCore=0.003110,1.374480,3.765366
GCore=-0.001370,1.377240,4.063119
GCore=-0.000082,1.521055,5.370976
****
O
PQN=2,2 NValence=6 F0ss=0.745594 F0sp=0.581422 F0pp=0.439374 F2pp=0.229429
G1sp=0.353564
ZetaOverlap=2.771483,2.574481
U=-3.806940,-2.732969
Beta=-1.127246,-1.158755 DDN=0,1,0.517229 DDN=1,1,0.411056
CoreKO=0.874320 KON=0,0,0,0.888600 KON=1,0,1,0.506310 KON=0,1,1,0.899648
KON=2,1,1,0.558230 EISol=-11.6164441184 EHeat=0.0949133088 Alpha=2.382033
DipHyp=0.915395
GCore=0.019297,1.513047,1.562093
GCore=0.005889,1.629488,2.381873
****

