#P AM1(Input,print) CIS(Singlets,NStates=15) pop(full) force

AM1-Reparam Input

0   1
6        0.951197    -0.719232     0.028147
6       -0.381139    -1.129248    -0.024124
8       -1.111905    -0.020725     0.026095
6       -0.344915     1.081151     0.023481
6        0.921535     0.758186     0.035971
1        1.807970     1.327512    -0.040335
1       -0.869302     2.014904    -0.018529
1       -0.823689    -2.053414    -0.020512
1        1.800998    -1.336511     0.043865

Method=8 CoreType=1 PeptideFC=0.015075 RIJScale=0.421219
****
H
PQN=1 NValence=1 F0ss=0.512374 ZetaOverlap=1.374154 U=-0.471047
Beta=-0.208927 CoreKO=1.024041 KON=0,0,0,1.234444 KON=1,0,1,1.106663
KON=0,1,1,0.781763 KON=2,1,1,1.180996 EISol=-0.4188110042 EHeat=0.0830298228
Alpha=1.799139
GCore=0.007581,1.582091,1.909685
GCore=0.000359,1.485404,3.305616
GCore=-0.001595,0.349341,2.648858
****
C
PQN=2,2 NValence=4 F0ss=0.314044 F0sp=0.456068 F0pp=0.373147 F2pp=0.129001
G1sp=0.347598
ZetaOverlap=2.268459,1.173901
U=-1.765519,-1.706576
Beta=-0.534163,-0.444634 DDN=0,1,0.781060 DDN=1,1,0.716384
CoreKO=1.100733 KON=0,0,0,1.443596 KON=1,0,1,0.932380 KON=0,1,1,0.961924
KON=2,1,1,0.781830 EISol=-4.4398989268 EHeat=0.2723305520 Alpha=1.142632
DipHyp=1.657296
GCore=0.001057,1.944760,2.573509
GCore=0.003528,1.079812,3.130894
GCore=-0.001374,1.348740,2.632687
GCore=-0.000084,1.532420,5.679994
****
O
PQN=2,2 NValence=6 F0ss=0.692883 F0sp=0.678026 F0pp=0.459637 F2pp=0.165211
G1sp=0.412815
ZetaOverlap=3.293383,2.376837
U=-5.258088,-2.538515
Beta=-1.058423,-1.360454 DDN=0,1,0.513019 DDN=1,1,0.386433
CoreKO=0.982205 KON=0,0,0,0.953228 KON=1,0,1,0.429907 KON=0,1,1,0.854808
KON=2,1,1,0.384481 EISol=-11.6164441184 EHeat=0.0949133088 Alpha=2.015466
DipHyp=0.919299
GCore=0.018589,1.385060,1.554456
GCore=0.005639,2.510484,2.308857
****

