#P AM1(Input,print) CIS(Singlets,NStates=15) pop(full) force

AM1-Reparam Input

0   1
6        0.951197    -0.719232     0.028147
6       -0.381139    -1.129248    -0.024124
8       -1.111905    -0.020725     0.026095
6       -0.344915     1.081151     0.023481
6        0.921535     0.758186     0.035971
1        1.807970     1.327512    -0.040335
1       -0.869302     2.014904    -0.018529
1       -0.823689    -2.053414    -0.020512
1        1.800998    -1.336511     0.043865

Method=8 CoreType=1 PeptideFC=0.011817 RIJScale=0.377125
****
H
PQN=1 NValence=1 F0ss=0.484676 ZetaOverlap=1.374154 U=-0.471047
Beta=-0.313824 CoreKO=1.184727 KON=0,0,0,1.074837 KON=1,0,1,1.106663
KON=0,1,1,0.898586 KON=2,1,1,1.180996 EISol=-0.4188110042 EHeat=0.0830298228
Alpha=1.952574
GCore=0.007581,1.582091,2.324769
GCore=0.000386,1.485404,3.305616
GCore=-0.001595,0.367470,3.256270
****
C
PQN=2,2 NValence=4 F0ss=0.339790 F0sp=0.456068 F0pp=0.373147 F2pp=0.137312
G1sp=0.266844
ZetaOverlap=2.236326,1.430543
U=-1.765519,-1.706576
Beta=-0.534163,-0.413235 DDN=0,1,0.789947 DDN=1,1,0.716384
CoreKO=1.246638 KON=0,0,0,1.257415 KON=1,0,1,0.812321 KON=0,1,1,0.961924
KON=2,1,1,0.755941 EISol=-4.4398989268 EHeat=0.2723305520 Alpha=1.221870
DipHyp=1.703793
GCore=0.000894,1.732790,2.547318
GCore=0.003350,1.079812,3.130894
GCore=-0.001463,1.348740,2.632687
GCore=-0.000084,2.513556,5.202913
****
O
PQN=2,2 NValence=6 F0ss=0.643571 F0sp=0.646869 F0pp=0.459637 F2pp=0.204090
G1sp=0.412815
ZetaOverlap=3.293383,2.256513
U=-6.101029,-2.273465
Beta=-0.929948,-1.209369 DDN=0,1,0.502353 DDN=1,1,0.474407
CoreKO=0.892190 KON=0,0,0,0.907446 KON=1,0,1,0.429907 KON=0,1,1,1.136047
KON=2,1,1,0.423959 EISol=-11.6164441184 EHeat=0.0949133088 Alpha=1.762386
DipHyp=0.919299
GCore=0.018589,1.385060,1.554456
GCore=0.005921,2.114473,2.308857
****

