#P AM1(Input,print) CIS(Singlets,NStates=15) pop(full) force

AM1-Reparam Input

0   1
6        0.918849    -0.760767    -0.008496
6       -0.300155    -1.128205     0.004534
8       -1.157509     0.035618    -0.039177
6       -0.322273     1.129487     0.021236
6        0.983295     0.687086     0.024486
1        1.793990     1.356733    -0.028934
1       -0.834503     2.026513     0.001354
1       -0.873835    -2.032627     0.007242
1        1.769000    -1.326640     0.030682

Method=8 CoreType=1 PeptideFC=0.013595 RIJScale=0.459840
****
H
PQN=1 NValence=1 F0ss=0.465712 ZetaOverlap=1.374154 U=-0.442120
Beta=-0.298320 CoreKO=1.278058 KON=0,0,0,0.987164 KON=1,0,1,1.106663
KON=0,1,1,0.864938 KON=2,1,1,1.329870 EISol=-0.4188110042 EHeat=0.0830298228
Alpha=1.799139
GCore=0.007581,1.582091,2.229431
GCore=0.000386,1.485404,2.709935
GCore=-0.001595,0.349341,2.648858
****
C
PQN=2,2 NValence=4 F0ss=0.326899 F0sp=0.456068 F0pp=0.373147 F2pp=0.129001
G1sp=0.263764
ZetaOverlap=2.009621,1.271191
U=-1.765519,-1.689082
Beta=-0.546810,-0.413235 DDN=0,1,0.789947 DDN=1,1,0.755054
CoreKO=1.066060 KON=0,0,0,1.275208 KON=1,0,1,0.812321 KON=0,1,1,0.961924
KON=2,1,1,0.781830 EISol=-4.4398989268 EHeat=0.2723305520 Alpha=1.147993
DipHyp=1.889786
GCore=0.000894,1.732790,2.935434
GCore=0.003471,1.079812,3.368405
GCore=-0.001374,1.348740,3.031912
GCore=-0.000084,1.540324,5.202913
****
O
PQN=2,2 NValence=6 F0ss=0.643571 F0sp=0.579552 F0pp=0.396455 F2pp=0.180193
G1sp=0.409099
ZetaOverlap=3.293383,2.575730
U=-6.315328,-2.358116
Beta=-0.929948,-1.295449 DDN=0,1,0.513019 DDN=1,1,0.489000
CoreKO=0.901975 KON=0,0,0,0.953228 KON=1,0,1,0.429907 KON=0,1,1,1.078572
KON=2,1,1,0.497989 EISol=-11.6164441184 EHeat=0.0949133088 Alpha=1.869335
DipHyp=1.071216
GCore=0.018297,1.385060,1.554456
GCore=0.005921,2.366716,2.308857
****

