#P AM1(Input,print) CIS(Singlets,NStates=15) pop(full) force

AM1-Reparam Input

0   1
6        0.928903    -0.757678     0.018032
6       -0.317948    -1.065848     0.000080
8       -1.114596    -0.025164     0.044032
6       -0.343181     1.074374     0.033205
6        0.964373     0.758743     0.004525
1        1.822173     1.349028     0.029405
1       -0.867250     2.007710     0.049894
1       -0.864989    -2.093261     0.001211
1        1.778144    -1.320183     0.008635

Method=8 CoreType=1 PeptideFC=0.010625 RIJScale=0.540421
****
H
PQN=1 NValence=1 F0ss=0.498012 ZetaOverlap=1.085670 U=-0.376823
Beta=-0.226883 CoreKO=1.035442 KON=0,0,0,1.045867 KON=1,0,1,1.058920
KON=0,1,1,1.058920 KON=2,1,1,1.069769 EISol=-0.4188110042 EHeat=0.0830298228
Alpha=1.460985
GCore=0.008528,1.512775,2.267671
GCore=0.000353,1.455164,3.477994
GCore=-0.001190,0.560057,3.586132
****
C
PQN=2,2 NValence=4 F0ss=0.449444 F0sp=0.421515 F0pp=0.349759 F2pp=0.187890
G1sp=0.270154
ZetaOverlap=1.808665,1.378117
U=-1.792389,-1.455797
Beta=-0.545325,-0.306313 DDN=0,1,0.747402 DDN=1,1,0.726801
CoreKO=1.112428 KON=0,0,0,1.172310 KON=1,0,1,0.899821 KON=0,1,1,1.101204
KON=2,1,1,0.778393 EISol=-4.4398989268 EHeat=0.2723305520 Alpha=1.275624
DipHyp=1.647252
GCore=0.000789,1.209540,2.667836
GCore=0.002898,1.400143,3.284071
GCore=-0.001379,1.301766,3.873939
GCore=-0.000103,1.400143,4.608813
****
O
PQN=2,2 NValence=6 F0ss=0.531064 F0sp=0.532130 F0pp=0.495871 F2pp=0.254343
G1sp=0.401324
ZetaOverlap=2.635449,2.524039
U=-3.595187,-2.034589
Beta=-1.157340,-1.299429 DDN=0,1,0.495361 DDN=1,1,0.508206
CoreKO=0.851599 KON=0,0,0,0.882296 KON=1,0,1,0.501954 KON=0,1,1,0.867153
KON=2,1,1,0.551558 EISol=-11.6164441184 EHeat=0.0949133088 Alpha=2.403168
DipHyp=0.997722
GCore=0.020472,1.264029,1.602333
GCore=0.005153,1.960200,2.730788
****

