#P AM1(Input,print) CIS(Singlets,NStates=15) pop(full) force

AM1-Reparam Input

0   1
6        0.956964    -0.759088     0.025294
6       -0.322072    -1.079623     0.043319
8       -1.192880    -0.033001    -0.010488
6       -0.336686     1.096219    -0.002612
6        0.946202     0.674706    -0.026290
1        1.855969     1.349918    -0.009277
1       -0.800417     2.033663    -0.009819
1       -0.835706    -2.058670     0.048253
1        1.817870    -1.399457    -0.022759

Method=8 CoreType=1 PeptideFC=0.011817 RIJScale=0.471514
****
H
PQN=1 NValence=1 F0ss=0.512374 ZetaOverlap=1.532977 U=-0.442120
Beta=-0.208927 CoreKO=1.176897 KON=0,0,0,1.231987 KON=1,0,1,1.106663
KON=0,1,1,0.784106 KON=2,1,1,1.180996 EISol=-0.4188110042 EHeat=0.0830298228
Alpha=1.799139
GCore=0.008126,1.582091,1.909685
GCore=0.000385,1.527954,3.305616
GCore=-0.001786,0.349341,2.648858
****
C
PQN=2,2 NValence=4 F0ss=0.314044 F0sp=0.456068 F0pp=0.373147 F2pp=0.136500
G1sp=0.240200
ZetaOverlap=2.268459,1.173901
U=-1.765519,-1.710617
Beta=-0.505102,-0.420963 DDN=0,1,0.789947 DDN=1,1,0.755054
CoreKO=1.246638 KON=0,0,0,1.610606 KON=1,0,1,0.825599 KON=0,1,1,1.252576
KON=2,1,1,0.781830 EISol=-4.4398989268 EHeat=0.2723305520 Alpha=1.221870
DipHyp=1.657296
GCore=0.000951,2.307553,2.566081
GCore=0.003528,0.857114,3.130894
GCore=-0.001401,1.348740,2.956517
GCore=-0.000084,2.114662,5.679994
****
O
PQN=2,2 NValence=6 F0ss=0.692883 F0sp=0.579552 F0pp=0.396455 F2pp=0.165211
G1sp=0.409099
ZetaOverlap=3.293383,2.376837
U=-5.958971,-2.273465
Beta=-1.058423,-1.181342 DDN=0,1,0.503170 DDN=1,1,0.386433
CoreKO=0.892190 KON=0,0,0,0.953228 KON=1,0,1,0.429907 KON=0,1,1,0.854808
KON=2,1,1,0.384481 EISol=-11.6164441184 EHeat=0.0949133088 Alpha=2.149379
DipHyp=1.016235
GCore=0.018589,1.385060,1.554456
GCore=0.006536,2.366716,2.741663
****

