#P AM1(Input,print) CIS(Singlets,NStates=15) pop(full) force

AM1-Reparam Input

0   1
6        0.956964    -0.759088     0.025294
6       -0.322072    -1.079623     0.043319
8       -1.192880    -0.033001    -0.010488
6       -0.336686     1.096219    -0.002612
6        0.946202     0.674706    -0.026290
1        1.855969     1.349918    -0.009277
1       -0.800417     2.033663    -0.009819
1       -0.835706    -2.058670     0.048253
1        1.817870    -1.399457    -0.022759

Method=8 CoreType=1 PeptideFC=0.011817 RIJScale=0.421219
****
H
PQN=1 NValence=1 F0ss=0.520843 ZetaOverlap=1.374154 U=-0.442120
Beta=-0.208927 CoreKO=1.024041 KON=0,0,0,1.234444 KON=1,0,1,1.162153
KON=0,1,1,1.052168 KON=2,1,1,1.161178 EISol=-0.4188110042 EHeat=0.0830298228
Alpha=1.799139
GCore=0.007331,1.582091,1.909685
GCore=0.000384,1.485404,2.619230
GCore=-0.001786,0.349341,3.452205
****
C
PQN=2,2 NValence=4 F0ss=0.314044 F0sp=0.477810 F0pp=0.373147 F2pp=0.136500
G1sp=0.240200
ZetaOverlap=2.268459,1.173901
U=-1.765519,-1.710617
Beta=-0.505102,-0.420963 DDN=0,1,0.664913 DDN=1,1,0.755054
CoreKO=1.246638 KON=0,0,0,1.257415 KON=1,0,1,0.825599 KON=0,1,1,1.252576
KON=2,1,1,0.755941 EISol=-4.4398989268 EHeat=0.2723305520 Alpha=1.142632
DipHyp=1.455605
GCore=0.000951,2.307553,2.573509
GCore=0.003528,0.857114,3.130894
GCore=-0.001463,1.348740,2.725008
GCore=-0.000084,1.792751,4.956472
****
O
PQN=2,2 NValence=6 F0ss=0.643571 F0sp=0.579552 F0pp=0.396144 F2pp=0.180193
G1sp=0.401611
ZetaOverlap=2.979027,2.412581
U=-6.690332,-2.273465
Beta=-0.929948,-1.256284 DDN=0,1,0.513019 DDN=1,1,0.474407
CoreKO=0.892190 KON=0,0,0,0.953228 KON=1,0,1,0.429907 KON=0,1,1,0.747596
KON=2,1,1,0.384481 EISol=-11.6164441184 EHeat=0.0949133088 Alpha=1.672532
DipHyp=0.919299
GCore=0.019703,1.385060,1.554456
GCore=0.006536,2.366716,2.342837
****

