#P AM1(Input,print) CIS(Singlets,NStates=15) pop(full) force

AM1-Reparam Input

0   1
6        0.970435    -0.692215    -0.025203
6       -0.360329    -1.057893     0.045792
8       -1.190221     0.033766     0.007832
6       -0.366696     1.081124    -0.040192
6        0.990244     0.728244    -0.030257
1        1.773649     1.330670    -0.025760
1       -0.809965     2.041776     0.031586
1       -0.841852    -2.021548     0.022765
1        1.823155    -1.415198     0.039836

Method=8 CoreType=1 PeptideFC=0.012209 RIJScale=0.546890
****
H
PQN=1 NValence=1 F0ss=0.472155 ZetaOverlap=1.188078 U=-0.418811
Beta=-0.226883 CoreKO=1.058920 KON=0,0,0,1.058920 KON=1,0,1,1.013476
KON=0,1,1,1.096663 KON=2,1,1,1.011942 EISol=-0.4188110042 EHeat=0.0830298228
Alpha=1.573852
GCore=0.008528,1.400143,2.267671
GCore=0.000352,1.400143,3.327643
GCore=-0.001279,0.560057,3.968425
****
C
PQN=2,2 NValence=4 F0ss=0.443853 F0sp=0.421515 F0pp=0.376803 F2pp=0.194584
G1sp=0.259317
ZetaOverlap=1.865381,1.634845
U=-1.912018,-1.455797
Beta=-0.577544,-0.283678 DDN=0,1,0.808965 DDN=1,1,0.726801
CoreKO=1.060952 KON=0,0,0,1.060109 KON=1,0,1,0.821970 KON=0,1,1,1.153373
KON=2,1,1,0.778393 EISol=-4.4398989268 EHeat=0.2723305520 Alpha=1.401406
DipHyp=1.647252
GCore=0.000789,1.380547,3.023562
GCore=0.003325,1.421681,3.495993
GCore=-0.001393,1.400143,3.873939
GCore=-0.000088,1.435072,5.109396
****
O
PQN=2,2 NValence=6 F0ss=0.566675 F0sp=0.513596 F0pp=0.516879 F2pp=0.227400
G1sp=0.434377
ZetaOverlap=3.108032,2.399202
U=-3.689779,-2.876090
Beta=-1.038319,-1.075755 DDN=0,1,0.498890 DDN=1,1,0.485232
CoreKO=0.882296 KON=0,0,0,0.874614 KON=1,0,1,0.501954 KON=0,1,1,0.853361
KON=2,1,1,0.551558 EISol=-11.6164441184 EHeat=0.0949133088 Alpha=2.357681
DipHyp=1.022325
GCore=0.019512,1.459051,1.632451
GCore=0.005780,1.960200,3.036338
****

