#P AM1(Input,print) CIS(Singlets,NStates=15) pop(full) force

AM1-Reparam Input

0   1
6        0.918849    -0.760767    -0.008496
6       -0.300155    -1.128205     0.004534
8       -1.157509     0.035618    -0.039177
6       -0.322273     1.129487     0.021236
6        0.983295     0.687086     0.024486
1        1.793990     1.356733    -0.028934
1       -0.834503     2.026513     0.001354
1       -0.873835    -2.032627     0.007242
1        1.769000    -1.326640     0.030682

Method=8 CoreType=1 PeptideFC=0.011817 RIJScale=0.459840
****
H
PQN=1 NValence=1 F0ss=0.515323 ZetaOverlap=1.374154 U=-0.471047
Beta=-0.277147 CoreKO=1.024041 KON=0,0,0,1.234444 KON=1,0,1,1.116147
KON=0,1,1,0.784106 KON=2,1,1,1.180996 EISol=-0.4188110042 EHeat=0.0830298228
Alpha=1.799139
GCore=0.007239,1.444809,2.324769
GCore=0.000359,1.482123,3.305616
GCore=-0.001595,0.349341,2.648858
****
C
PQN=2,2 NValence=4 F0ss=0.345481 F0sp=0.393500 F0pp=0.373147 F2pp=0.129001
G1sp=0.278597
ZetaOverlap=2.268459,1.271191
U=-1.765519,-1.706576
Beta=-0.497878,-0.444634 DDN=0,1,0.781060 DDN=1,1,0.773709
CoreKO=1.100733 KON=0,0,0,1.275208 KON=1,0,1,0.812321 KON=0,1,1,1.072230
KON=2,1,1,0.729705 EISol=-4.4398989268 EHeat=0.2723305520 Alpha=1.142632
DipHyp=1.657296
GCore=0.000894,1.944760,2.547318
GCore=0.003350,0.857114,2.911777
GCore=-0.001374,1.348740,2.632687
GCore=-0.000084,1.802021,4.223362
****
O
PQN=2,2 NValence=6 F0ss=0.643571 F0sp=0.646869 F0pp=0.396144 F2pp=0.180193
G1sp=0.412815
ZetaOverlap=3.293383,2.575730
U=-6.101029,-2.273465
Beta=-1.058423,-1.181342 DDN=0,1,0.503170 DDN=1,1,0.386433
CoreKO=0.940817 KON=0,0,0,0.868892 KON=1,0,1,0.429907 KON=0,1,1,0.854808
KON=2,1,1,0.384481 EISol=-11.6164441184 EHeat=0.0949133088 Alpha=1.920913
DipHyp=0.919299
GCore=0.018589,1.385060,1.554456
GCore=0.005921,2.407214,2.342837
****

