#P AM1(Input,print) CIS(Singlets,NStates=15) pop(full) force

AM1-Reparam Input

0   1
6        0.918849    -0.760767    -0.008496
6       -0.300155    -1.128205     0.004534
8       -1.157509     0.035618    -0.039177
6       -0.322273     1.129487     0.021236
6        0.983295     0.687086     0.024486
1        1.793990     1.356733    -0.028934
1       -0.834503     2.026513     0.001354
1       -0.873835    -2.032627     0.007242
1        1.769000    -1.326640     0.030682

Method=8 CoreType=1 PeptideFC=0.015075 RIJScale=0.377125
****
H
PQN=1 NValence=1 F0ss=0.484676 ZetaOverlap=1.374154 U=-0.532079
Beta=-0.298320 CoreKO=1.278058 KON=0,0,0,1.054290 KON=1,0,1,1.014319
KON=0,1,1,0.864938 KON=2,1,1,1.145266 EISol=-0.4188110042 EHeat=0.0830298228
Alpha=1.799139
GCore=0.007581,1.582091,2.229431
GCore=0.000386,1.485404,3.492576
GCore=-0.001595,0.349341,2.550225
****
C
PQN=2,2 NValence=4 F0ss=0.368965 F0sp=0.456068 F0pp=0.373147 F2pp=0.129001
G1sp=0.262508
ZetaOverlap=2.009621,1.271191
U=-1.765519,-1.689082
Beta=-0.573118,-0.413235 DDN=0,1,0.697809 DDN=1,1,0.759579
CoreKO=1.066060 KON=0,0,0,1.427158 KON=1,0,1,0.821970 KON=0,1,1,0.961924
KON=2,1,1,0.755941 EISol=-4.4398989268 EHeat=0.2723305520 Alpha=1.147993
DipHyp=1.657296
GCore=0.000893,1.828223,2.573509
GCore=0.003471,0.972936,3.368405
GCore=-0.001374,1.271435,2.426150
GCore=-0.000084,1.920682,5.128017
****
O
PQN=2,2 NValence=6 F0ss=0.692883 F0sp=0.579552 F0pp=0.417807 F2pp=0.179948
G1sp=0.386000
ZetaOverlap=3.089585,2.376837
U=-5.958971,-2.166229
Beta=-1.058423,-1.209369 DDN=0,1,0.552148 DDN=1,1,0.435079
CoreKO=0.892190 KON=0,0,0,0.953228 KON=1,0,1,0.429907 KON=0,1,1,0.797518
KON=2,1,1,0.497989 EISol=-11.6164441184 EHeat=0.0949133088 Alpha=2.090586
DipHyp=1.071216
GCore=0.018589,1.385060,1.412102
GCore=0.005921,2.366716,2.308857
****

