#P AM1(Input,print) CIS(Singlets,NStates=15) pop(full) force

AM1-Reparam Input

0   1
6        0.918849    -0.760767    -0.008496
6       -0.300155    -1.128205     0.004534
8       -1.157509     0.035618    -0.039177
6       -0.322273     1.129487     0.021236
6        0.983295     0.687086     0.024486
1        1.793990     1.356733    -0.028934
1       -0.834503     2.026513     0.001354
1       -0.873835    -2.032627     0.007242
1        1.769000    -1.326640     0.030682

Method=8 CoreType=1 PeptideFC=0.015075 RIJScale=0.421219
****
H
PQN=1 NValence=1 F0ss=0.512374 ZetaOverlap=1.374154 U=-0.482300
Beta=-0.323856 CoreKO=1.184727 KON=0,0,0,1.234444 KON=1,0,1,1.116147
KON=0,1,1,1.146699 KON=2,1,1,1.180996 EISol=-0.4188110042 EHeat=0.0830298228
Alpha=1.952574
GCore=0.006907,1.435324,1.909685
GCore=0.000359,1.485404,3.038310
GCore=-0.001595,0.367470,3.256270
****
C
PQN=2,2 NValence=4 F0ss=0.314044 F0sp=0.456068 F0pp=0.373147 F2pp=0.137312
G1sp=0.240200
ZetaOverlap=2.268459,1.173901
U=-1.502236,-1.710617
Beta=-0.492547,-0.420963 DDN=0,1,0.781060 DDN=1,1,0.755054
CoreKO=1.246638 KON=0,0,0,1.443596 KON=1,0,1,0.932380 KON=0,1,1,1.252576
KON=2,1,1,0.695284 EISol=-4.4398989268 EHeat=0.2723305520 Alpha=1.221870
DipHyp=1.657296
GCore=0.001057,2.095471,2.573509
GCore=0.003471,0.857114,3.368405
GCore=-0.001463,1.348740,2.725008
GCore=-0.000084,2.513556,5.679994
****
O
PQN=2,2 NValence=6 F0ss=0.692883 F0sp=0.579552 F0pp=0.396455 F2pp=0.165211
G1sp=0.409099
ZetaOverlap=2.979027,2.256513
U=-5.258088,-2.238114
Beta=-0.929948,-1.209369 DDN=0,1,0.513019 DDN=1,1,0.374167
CoreKO=1.015847 KON=0,0,0,0.953228 KON=1,0,1,0.429907 KON=0,1,1,0.854808
KON=2,1,1,0.384481 EISol=-11.6164441184 EHeat=0.0949133088 Alpha=1.869335
DipHyp=0.919299
GCore=0.018589,1.385060,1.554456
GCore=0.005921,2.114473,2.308857
****

