#P AM1(Input,print) CIS(Singlets,NStates=15) pop(full) force

AM1-Reparam Input

0   1
6        0.956964    -0.759088     0.025294
6       -0.322072    -1.079623     0.043319
8       -1.192880    -0.033001    -0.010488
6       -0.336686     1.096219    -0.002612
6        0.946202     0.674706    -0.026290
1        1.855969     1.349918    -0.009277
1       -0.800417     2.033663    -0.009819
1       -0.835706    -2.058670     0.048253
1        1.817870    -1.399457    -0.022759

Method=8 CoreType=1 PeptideFC=0.015075 RIJScale=0.459840
****
H
PQN=1 NValence=1 F0ss=0.512374 ZetaOverlap=1.374154 U=-0.442120
Beta=-0.208927 CoreKO=1.024041 KON=0,0,0,1.234444 KON=1,0,1,1.030495
KON=0,1,1,0.784106 KON=2,1,1,1.180996 EISol=-0.4188110042 EHeat=0.0830298228
Alpha=1.832131
GCore=0.006907,1.582091,2.324769
GCore=0.000359,1.413655,2.709935
GCore=-0.001595,0.349341,2.648858
****
C
PQN=2,2 NValence=4 F0ss=0.314044 F0sp=0.456068 F0pp=0.373147 F2pp=0.129001
G1sp=0.240200
ZetaOverlap=2.268459,1.173901
U=-1.765519,-1.689082
Beta=-0.545547,-0.413235 DDN=0,1,0.781060 DDN=1,1,0.755054
CoreKO=1.100733 KON=0,0,0,1.275208 KON=1,0,1,0.932380 KON=0,1,1,0.961924
KON=2,1,1,0.781830 EISol=-4.4398989268 EHeat=0.2723305520 Alpha=1.142632
DipHyp=1.657296
GCore=0.001057,1.978732,2.573509
GCore=0.003528,0.857114,3.368405
GCore=-0.001374,1.348740,2.725008
GCore=-0.000084,1.792751,5.679994
****
O
PQN=2,2 NValence=6 F0ss=0.692883 F0sp=0.579552 F0pp=0.396144 F2pp=0.165211
G1sp=0.409099
ZetaOverlap=2.979027,2.376837
U=-6.174510,-2.238114
Beta=-0.929948,-1.181342 DDN=0,1,0.513019 DDN=1,1,0.435079
CoreKO=1.015847 KON=0,0,0,0.875401 KON=1,0,1,0.429907 KON=0,1,1,0.854808
KON=2,1,1,0.352690 EISol=-11.6164441184 EHeat=0.0949133088 Alpha=2.054831
DipHyp=0.919299
GCore=0.018589,1.385060,1.554456
GCore=0.005224,2.510484,2.308857
****

