#P AM1(Input,print) CIS(Singlets,NStates=15) pop(full) force

AM1-Reparam Input

0   1
6        0.957539    -0.727921    -0.011569
6       -0.376882    -1.133361     0.021270
8       -1.167296    -0.007233     0.017785
6       -0.370082     1.075820     0.000204
6        0.951355     0.731467     0.044746
1        1.849947     1.392970     0.040888
1       -0.858761     2.095197    -0.038091
1       -0.795928    -2.047266    -0.014219
1        1.816910    -1.415693    -0.032820

Method=8 CoreType=1 PeptideFC=0.011451 RIJScale=0.549414
****
H
PQN=1 NValence=1 F0ss=0.483270 ZetaOverlap=1.140903 U=-0.418811
Beta=-0.239075 CoreKO=1.089938 KON=0,0,0,1.015326 KON=1,0,1,1.073453
KON=0,1,1,1.057360 KON=2,1,1,1.042425 EISol=-0.4188110042 EHeat=0.0830298228
Alpha=1.525260
GCore=0.008528,1.382047,2.267671
GCore=0.000353,1.359989,3.264649
GCore=-0.001206,0.560057,3.968425
****
C
PQN=2,2 NValence=4 F0ss=0.432230 F0sp=0.417084 F0pp=0.376803 F2pp=0.189872
G1sp=0.267903
ZetaOverlap=1.748047,1.615277
U=-1.912018,-1.455797
Beta=-0.577544,-0.276050 DDN=0,1,0.823674 DDN=1,1,0.726801
CoreKO=1.112428 KON=0,0,0,1.135488 KON=1,0,1,0.821970 KON=0,1,1,1.112428
KON=2,1,1,0.778393 EISol=-4.4398989268 EHeat=0.2723305520 Alpha=1.395151
DipHyp=1.647252
GCore=0.000769,1.458632,3.028486
GCore=0.003189,1.402576,3.436880
GCore=-0.001291,1.400143,3.873939
GCore=-0.000084,1.435275,5.007774
****
O
PQN=2,2 NValence=6 F0ss=0.566675 F0sp=0.532130 F0pp=0.495871 F2pp=0.244262
G1sp=0.432135
ZetaOverlap=3.108032,2.524039
U=-3.595187,-2.876090
Beta=-1.075755,-1.075755 DDN=0,1,0.487875 DDN=1,1,0.462178
CoreKO=0.859516 KON=0,0,0,0.874658 KON=1,0,1,0.501954 KON=0,1,1,0.871512
KON=2,1,1,0.561505 EISol=-11.6164441184 EHeat=0.0949133088 Alpha=2.357681
DipHyp=1.006717
GCore=0.019512,1.400143,1.468143
GCore=0.006064,1.960200,2.730788
****

