#P AM1(Input,print) CIS(Singlets,NStates=15) pop(full) force

AM1-Reparam Input

0   1
6        0.956964    -0.759088     0.025294
6       -0.322072    -1.079623     0.043319
8       -1.192880    -0.033001    -0.010488
6       -0.336686     1.096219    -0.002612
6        0.946202     0.674706    -0.026290
1        1.855969     1.349918    -0.009277
1       -0.800417     2.033663    -0.009819
1       -0.835706    -2.058670     0.048253
1        1.817870    -1.399457    -0.022759

Method=8 CoreType=1 PeptideFC=0.015075 RIJScale=0.421219
****
H
PQN=1 NValence=1 F0ss=0.594887 ZetaOverlap=1.374154 U=-0.442120
Beta=-0.208927 CoreKO=1.328800 KON=0,0,0,0.997103 KON=1,0,1,1.106663
KON=0,1,1,0.781763 KON=2,1,1,1.180996 EISol=-0.4188110042 EHeat=0.0830298228
Alpha=1.799139
GCore=0.008126,1.582091,2.053305
GCore=0.000385,1.297735,2.619230
GCore=-0.001786,0.349341,3.132364
****
C
PQN=2,2 NValence=4 F0ss=0.375604 F0sp=0.477810 F0pp=0.373147 F2pp=0.129001
G1sp=0.316627
ZetaOverlap=2.047041,1.121737
U=-1.765519,-1.689082
Beta=-0.492547,-0.413235 DDN=0,1,0.697809 DDN=1,1,0.773709
CoreKO=1.246638 KON=0,0,0,1.275208 KON=1,0,1,0.821970 KON=0,1,1,1.252576
KON=2,1,1,0.755941 EISol=-4.4398989268 EHeat=0.2723305520 Alpha=1.221870
DipHyp=1.657296
GCore=0.000893,2.307553,2.573509
GCore=0.004317,0.972936,2.872570
GCore=-0.001431,1.534141,2.725008
GCore=-0.000084,2.114662,4.956472
****
O
PQN=2,2 NValence=6 F0ss=0.643571 F0sp=0.579552 F0pp=0.396455 F2pp=0.180193
G1sp=0.412815
ZetaOverlap=3.293383,2.376837
U=-5.958971,-2.273465
Beta=-1.058423,-1.364294 DDN=0,1,0.503170 DDN=1,1,0.474407
CoreKO=0.892190 KON=0,0,0,0.953228 KON=1,0,1,0.429907 KON=0,1,1,0.797518
KON=2,1,1,0.384481 EISol=-11.6164441184 EHeat=0.0949133088 Alpha=2.149379
DipHyp=0.919299
GCore=0.018589,1.385060,1.554456
GCore=0.005921,2.366716,2.163283
****

