#P AM1(Input,print) CIS(Singlets,NStates=15) pop(full) force

AM1-Reparam Input

0   1
6        0.951593    -0.697989     0.015928
6       -0.330143    -1.051223     0.001926
8       -1.199616     0.033361     0.038212
6       -0.347880     1.108033     0.007031
6        0.974868     0.744369     0.015248
1        1.791205     1.321336    -0.031906
1       -0.857188     2.085892    -0.049534
1       -0.836127    -2.081683     0.039273
1        1.852723    -1.338906     0.002618

Method=8 CoreType=1 PeptideFC=0.010625 RIJScale=0.540421
****
H
PQN=1 NValence=1 F0ss=0.472155 ZetaOverlap=1.085670 U=-0.418811
Beta=-0.226883 CoreKO=1.035442 KON=0,0,0,1.045867 KON=1,0,1,1.058920
KON=0,1,1,1.058920 KON=2,1,1,1.069769 EISol=-0.4188110042 EHeat=0.0830298228
Alpha=1.460985
GCore=0.008528,1.512775,2.267671
GCore=0.000353,1.436883,3.477994
GCore=-0.001301,0.560057,3.586132
****
C
PQN=2,2 NValence=4 F0ss=0.449444 F0sp=0.426142 F0pp=0.338809 F2pp=0.187890
G1sp=0.270154
ZetaOverlap=1.808665,1.378117
U=-1.768709,-1.455797
Beta=-0.545325,-0.333690 DDN=0,1,0.747402 DDN=1,1,0.726801
CoreKO=1.022720 KON=0,0,0,1.112428 KON=1,0,1,0.847351 KON=0,1,1,1.112428
KON=2,1,1,0.851640 EISol=-4.4398989268 EHeat=0.2723305520 Alpha=1.275624
DipHyp=1.647252
GCore=0.000789,1.336158,2.667836
GCore=0.002898,1.400143,3.284071
GCore=-0.001509,1.382732,3.873939
GCore=-0.000103,1.400143,4.608813
****
O
PQN=2,2 NValence=6 F0ss=0.566675 F0sp=0.532130 F0pp=0.495871 F2pp=0.235808
G1sp=0.421698
ZetaOverlap=2.635449,2.524039
U=-3.595187,-2.034589
Beta=-1.157340,-1.299429 DDN=0,1,0.495361 DDN=1,1,0.485232
CoreKO=0.851599 KON=0,0,0,0.882296 KON=1,0,1,0.501954 KON=0,1,1,0.867153
KON=2,1,1,0.551558 EISol=-11.6164441184 EHeat=0.0949133088 Alpha=2.403168
DipHyp=0.997722
GCore=0.020472,1.264029,1.602333
GCore=0.005153,1.960200,2.730788
****

