#P AM1(Input,print) CIS(Singlets,NStates=15) pop(full) force

AM1-Reparam Input

0   1
6        0.970555    -0.681579    -0.031361
6       -0.308035    -1.136746     0.016317
8       -1.155297     0.030588     0.002333
6       -0.388303     1.093600    -0.005405
6        0.910694     0.711780    -0.032200
1        1.841396     1.411490     0.045277
1       -0.856168     2.082999     0.016413
1       -0.792516    -2.084852    -0.027806
1        1.769276    -1.324372    -0.007634

Method=8 CoreType=1 PeptideFC=0.011817 RIJScale=0.459840
****
H
PQN=1 NValence=1 F0ss=0.484676 ZetaOverlap=1.374154 U=-0.471047
Beta=-0.197786 CoreKO=1.024041 KON=0,0,0,1.234444 KON=1,0,1,1.116147
KON=0,1,1,0.784106 KON=2,1,1,1.180996 EISol=-0.4188110042 EHeat=0.0830298228
Alpha=1.799139
GCore=0.007581,1.643985,1.909685
GCore=0.000359,1.304955,3.669320
GCore=-0.001595,0.349341,2.648858
****
C
PQN=2,2 NValence=4 F0ss=0.309232 F0sp=0.456068 F0pp=0.373147 F2pp=0.136500
G1sp=0.240200
ZetaOverlap=2.268459,1.173901
U=-1.765519,-1.710617
Beta=-0.534163,-0.444634 DDN=0,1,0.781060 DDN=1,1,0.716384
CoreKO=1.100733 KON=0,0,0,1.443596 KON=1,0,1,0.932380 KON=0,1,1,0.961924
KON=2,1,1,0.778239 EISol=-4.4398989268 EHeat=0.2723305520 Alpha=1.142632
DipHyp=1.657296
GCore=0.001057,1.944760,2.897053
GCore=0.003350,0.857114,3.130894
GCore=-0.001463,1.348740,2.725008
GCore=-0.000084,1.792751,4.307413
****
O
PQN=2,2 NValence=6 F0ss=0.643571 F0sp=0.579552 F0pp=0.396144 F2pp=0.180193
G1sp=0.409099
ZetaOverlap=3.711732,2.196709
U=-6.771361,-2.273465
Beta=-1.058423,-1.360454 DDN=0,1,0.503170 DDN=1,1,0.386433
CoreKO=1.015847 KON=0,0,0,0.850958 KON=1,0,1,0.429907 KON=0,1,1,1.085573
KON=2,1,1,0.384481 EISol=-11.6164441184 EHeat=0.0949133088 Alpha=2.090586
DipHyp=0.919299
GCore=0.018589,1.385060,1.554456
GCore=0.005921,2.510484,2.308857
****

