#P AM1(Input,print) CIS(Singlets,NStates=15) pop(full) force

AM1-Reparam Input

0   1
6        0.908936    -0.741299     0.002227
6       -0.380203    -1.127775     0.028234
8       -1.167153    -0.045281    -0.040817
6       -0.328606     1.136262     0.033424
6        0.924443     0.670484     0.004163
1        1.810769     1.389340     0.003020
1       -0.879032     2.063032     0.020134
1       -0.831595    -2.046141     0.017164
1        1.819916    -1.351398     0.015669

Method=8 CoreType=1 PeptideFC=0.012203 RIJScale=0.518555
****
H
PQN=1 NValence=1 F0ss=0.482500 ZetaOverlap=1.209940 U=-0.418811
Beta=-0.232195 CoreKO=1.058920 KON=0,0,0,1.058920 KON=1,0,1,1.058920
KON=0,1,1,1.058920 KON=2,1,1,1.043626 EISol=-0.4188110042 EHeat=0.0830298228
Alpha=1.525260
GCore=0.008528,1.400143,2.267671
GCore=0.000353,1.341163,3.302096
GCore=-0.001319,0.560057,3.968425
****
C
PQN=2,2 NValence=4 F0ss=0.449444 F0sp=0.421515 F0pp=0.376803 F2pp=0.194565
G1sp=0.270330
ZetaOverlap=1.726649,1.685116
U=-1.912018,-1.455797
Beta=-0.585668,-0.284245 DDN=0,1,0.823674 DDN=1,1,0.726801
CoreKO=1.112428 KON=0,0,0,1.112428 KON=1,0,1,0.797382 KON=0,1,1,1.112131
KON=2,1,1,0.794980 EISol=-4.4398989268 EHeat=0.2723305520 Alpha=1.424071
DipHyp=1.659576
GCore=0.000817,1.341695,3.095790
GCore=0.003189,1.400143,3.495993
GCore=-0.001352,1.443029,3.873939
GCore=-0.000088,1.400143,5.113692
****
O
PQN=2,2 NValence=6 F0ss=0.566675 F0sp=0.522451 F0pp=0.484110 F2pp=0.243233
G1sp=0.431459
ZetaOverlap=3.108032,2.524039
U=-3.595187,-2.876090
Beta=-1.102205,-1.075755 DDN=0,1,0.502122 DDN=1,1,0.485232
CoreKO=0.913815 KON=0,0,0,0.882296 KON=1,0,1,0.489919 KON=0,1,1,0.910853
KON=2,1,1,0.534958 EISol=-11.6164441184 EHeat=0.0949133088 Alpha=2.251650
DipHyp=0.984942
GCore=0.019512,1.400143,1.561391
GCore=0.005426,1.803624,2.730788
****

