#P AM1(Input,print) CIS(Singlets,NStates=15) pop(full) force

AM1-Reparam Input

0   1
6        0.971760    -0.669831    -0.021108
6       -0.350397    -1.135435    -0.009354
8       -1.140541    -0.009427     0.019871
6       -0.320431     1.083284     0.033453
6        0.989737     0.673987     0.038045
1        1.779887     1.406950     0.022498
1       -0.844425     2.055855     0.034487
1       -0.861553    -2.090280     0.049289
1        1.811304    -1.354090     0.030541

Method=8 CoreType=1 PeptideFC=0.011159 RIJScale=0.565264
****
H
PQN=1 NValence=1 F0ss=0.508594 ZetaOverlap=1.085670 U=-0.418626
Beta=-0.213180 CoreKO=1.035442 KON=0,0,0,1.045867 KON=1,0,1,0.980252
KON=0,1,1,1.058920 KON=2,1,1,1.069769 EISol=-0.4188110042 EHeat=0.0830298228
Alpha=1.460985
GCore=0.008528,1.488224,2.402757
GCore=0.000353,1.455164,3.345589
GCore=-0.001301,0.560057,3.498980
****
C
PQN=2,2 NValence=4 F0ss=0.449444 F0sp=0.426142 F0pp=0.349759 F2pp=0.187890
G1sp=0.270154
ZetaOverlap=1.808665,1.378117
U=-1.768709,-1.455797
Beta=-0.545325,-0.333690 DDN=0,1,0.747402 DDN=1,1,0.726801
CoreKO=1.112428 KON=0,0,0,1.172310 KON=1,0,1,0.847351 KON=0,1,1,1.101204
KON=2,1,1,0.851640 EISol=-4.4398989268 EHeat=0.2723305520 Alpha=1.291465
DipHyp=1.647252
GCore=0.000789,1.336158,2.667836
GCore=0.002898,1.400143,3.284071
GCore=-0.001509,1.251085,3.873939
GCore=-0.000085,1.400143,4.808699
****
O
PQN=2,2 NValence=6 F0ss=0.566675 F0sp=0.532130 F0pp=0.495871 F2pp=0.235808
G1sp=0.421698
ZetaOverlap=2.635449,2.737922
U=-3.595187,-2.034589
Beta=-1.157340,-1.299429 DDN=0,1,0.495361 DDN=1,1,0.485232
CoreKO=0.882296 KON=0,0,0,0.882296 KON=1,0,1,0.501954 KON=0,1,1,0.868205
KON=2,1,1,0.551558 EISol=-11.6164441184 EHeat=0.0949133088 Alpha=2.403168
DipHyp=0.997722
GCore=0.020472,1.400143,1.602333
GCore=0.005429,1.960200,2.730788
****

