#P AM1(Input,print) CIS(Singlets,NStates=15) pop(full) force

AM1-Reparam Input

0   1
6        0.970555    -0.681579    -0.031361
6       -0.308035    -1.136746     0.016317
8       -1.155297     0.030588     0.002333
6       -0.388303     1.093600    -0.005405
6        0.910694     0.711780    -0.032200
1        1.841396     1.411490     0.045277
1       -0.856168     2.082999     0.016413
1       -0.792516    -2.084852    -0.027806
1        1.769276    -1.324372    -0.007634

Method=8 CoreType=1 PeptideFC=0.011817 RIJScale=0.421219
****
H
PQN=1 NValence=1 F0ss=0.480578 ZetaOverlap=1.374154 U=-0.471047
Beta=-0.208927 CoreKO=1.278058 KON=0,0,0,1.234444 KON=1,0,1,1.170114
KON=0,1,1,0.781763 KON=2,1,1,1.161178 EISol=-0.4188110042 EHeat=0.0830298228
Alpha=1.799139
GCore=0.007581,1.582091,2.229431
GCore=0.000386,1.485404,2.619230
GCore=-0.001595,0.349341,3.256270
****
C
PQN=2,2 NValence=4 F0ss=0.375604 F0sp=0.456068 F0pp=0.373147 F2pp=0.119996
G1sp=0.327598
ZetaOverlap=2.064572,1.173901
U=-1.765519,-1.689082
Beta=-0.492547,-0.413235 DDN=0,1,0.697809 DDN=1,1,0.773709
CoreKO=1.246638 KON=0,0,0,1.257415 KON=1,0,1,0.821970 KON=0,1,1,0.961924
KON=2,1,1,0.755941 EISol=-4.4398989268 EHeat=0.2723305520 Alpha=1.142632
DipHyp=1.849503
GCore=0.000951,2.307553,2.573509
GCore=0.003471,0.972936,3.368405
GCore=-0.001463,1.348740,2.956517
GCore=-0.000084,2.114662,4.956472
****
O
PQN=2,2 NValence=6 F0ss=0.643571 F0sp=0.579552 F0pp=0.357628 F2pp=0.180193
G1sp=0.409099
ZetaOverlap=3.293383,2.412581
U=-5.958971,-2.238114
Beta=-1.031703,-1.256284 DDN=0,1,0.503170 DDN=1,1,0.435079
CoreKO=1.094980 KON=0,0,0,0.953228 KON=1,0,1,0.429907 KON=0,1,1,0.747596
KON=2,1,1,0.384481 EISol=-11.6164441184 EHeat=0.0949133088 Alpha=2.149379
DipHyp=0.919299
GCore=0.018589,1.548535,1.554456
GCore=0.005921,2.366716,2.007955
****

