#P AM1(Input,print) Opt Freq

Furan at AM1

0   1
6        0.955475    -0.715963     0.000000
6       -0.345627    -1.092818     0.000000
8       -1.157305     0.000000     0.000000
6       -0.345627     1.092818     0.000000
6        0.955475     0.715963     0.000000
1        1.810438     1.369382     0.000000
1       -0.840307     2.046884     0.000000
1       -0.840307    -2.046884     0.000000
1        1.810438    -1.369382     0.000000

Method=8 CoreType=1 PeptideFC=0.011451 RIJScale=0.529177
****
H
PQN=1 NValence=1 F0ss=0.396593 ZetaOverlap=1.188078 U=-0.418811
Beta=-0.226883 CoreKO=1.058920 KON=0,0,0,1.058920 KON=1,0,1,1.058920
KON=0,1,1,1.153423 KON=2,1,1,1.058920 EISol=-0.418811 EHeat=0.0830298228
Alpha=1.525260
GCore=0.008528,1.771319,2.267671
GCore=0.000353,1.400143,3.401507
GCore=-0.001408,0.560057,3.561150
****
C
PQN=2,2 NValence=4 F0ss=0.449444 F0sp=0.421515 F0pp=0.376803 F2pp=0.189872
G1sp=0.267903
ZetaOverlap=1.947756,1.685116
U=-1.876736,-1.455797
Beta=-0.577544,-0.283678 DDN=0,1,0.823674 DDN=1,1,0.729548
CoreKO=1.112428 KON=0,0,0,0.965183 KON=1,0,1,0.821970 KON=0,1,1,1.112428
KON=2,1,1,0.778393 EISol=-4.439899 EHeat=0.2723305520 Alpha=1.401406
DipHyp=1.647252
GCore=0.000789,1.400143,3.023562
GCore=0.003189,1.400143,3.254208
GCore=-0.001393,1.400143,3.873939
GCore=-0.000088,1.400143,5.007774
****
O
PQN=2,2 NValence=6 F0ss=0.644415 F0sp=0.560803 F0pp=0.495871 F2pp=0.235808
G1sp=0.434377
ZetaOverlap=4.003049,2.518316
U=-3.595187,-2.876090
Beta=-1.075755,-1.075755 DDN=0,1,0.498890 DDN=1,1,0.485232
CoreKO=0.880133 KON=0,0,0,0.882296 KON=1,0,1,0.501954 KON=0,1,1,0.882296
KON=2,1,1,0.551558 EISol=-10.552333 EHeat=0.0949133088 Alpha=2.357681
DipHyp=0.997722
GCore=0.019512,1.400143,1.533271
GCore=0.005655,1.960200,2.846326
****

